hidden_units,learning_rate,back_prop_steps,run_loss
25, 0.5, 0, 5.016975861837498
25, 0.5, 2, 4.9780692329758685
25, 0.5, 5, 4.933136297644741
50, 0.5, 0, 4.968243366673972
50, 0.5, 2, 5.027570601193062
50, 0.5, 5, 4.964726004087516
25, 0.1, 0, 5.195890896884486
25, 0.1, 2, 5.190748163295863
25, 0.1, 5, 5.209637875094277
50, 0.1, 0, 5.1522680032401045
50, 0.1, 2, 5.123840002858845
50, 0.1, 5, 5.140867883246269
25, 0.05, 0, 5.3594378954376625
25, 0.05, 2, 5.3808138917272945
25, 0.05, 5, 5.3730651479172025
50, 0.05, 0, 5.267207273043814
50, 0.05, 2, 5.2854174896154555
50, 0.05, 5, 5.31625329379674